_viz_0 = nengo_gui.components.HTMLView(env)
_viz_config[_viz_0].x = -0.04715248928392713
_viz_config[_viz_0].y = 0.008296004390701016
_viz_config[_viz_0].width = 0.1748148869072055
_viz_config[_viz_0].height = 0.2160398900883077
_viz_config[_viz_0].label_visible = True
_viz_net_graph = nengo_gui.components.NetGraph()
_viz_progress = nengo_gui.components.Progress()
_viz_config[_viz_progress].x = 0
_viz_config[_viz_progress].y = 0
_viz_config[_viz_progress].width = 100
_viz_config[_viz_progress].height = 100
_viz_config[_viz_progress].label_visible = True
_viz_sim_control = nengo_gui.components.SimControl()
_viz_config[_viz_sim_control].shown_time = 0.5
_viz_config[_viz_sim_control].kept_time = 4.0
_viz_config[current_color].pos=(0.5, 0.847457627118644)
_viz_config[current_color].size=(0.3076923076923077, 0.06779661016949151)
_viz_config[env].pos=(0.5, 0.15254237288135591)
_viz_config[env].size=(0.3076923076923077, 0.06779661016949153)
_viz_config[model].pos=(0.37339743298316985, 0.32968845004143865)
_viz_config[model].size=(0.6908619111140778, 0.6908619111140778)
_viz_config[model].expanded=True
_viz_config[model].has_layout=True
_viz_config[movement].pos=(0.872549019607843, 0.38983050847457623)
_viz_config[movement].size=(0.07843137254901959, 0.06779661016949153)
_viz_config[position].pos=(0.5, 0.6271186440677965)
_viz_config[position].size=(0.3076923076923077, 0.06779661016949151)
_viz_config[radar].pos=(0.49999999999999994, 0.38983050847457623)
_viz_config[radar].size=(0.09803921568627451, 0.0847457627118644)
_viz_config[stim_radar].pos=(0.12745098039215685, 0.38983050847457623)
_viz_config[stim_radar].size=(0.07843137254901959, 0.06779661016949153)