_viz_net_graph = nengo_gui.components.NetGraph()
_viz_progress = nengo_gui.components.Progress()
_viz_config[_viz_progress].x = 0
_viz_config[_viz_progress].y = 0
_viz_config[_viz_progress].width = 100
_viz_config[_viz_progress].height = 100
_viz_config[_viz_progress].label_visible = True
_viz_sim_control = nengo_gui.components.SimControl()
_viz_config[_viz_sim_control].shown_time = 0.5
_viz_config[_viz_sim_control].kept_time = 4.0
_viz_config[foodDiff].pos=(0.4026548672566371, 0.6878980891719745)
_viz_config[foodDiff].size=(0.04424778761061946, 0.06369426751592357)
_viz_config[foodInput].pos=(0.05752212389380531, 0.6878980891719745)
_viz_config[foodInput].size=(0.035398230088495575, 0.050955414012738856)
_viz_config[foodLocation].pos=(0.22566371681415928, 0.6878980891719745)
_viz_config[foodLocation].size=(0.04424778761061946, 0.06369426751592357)
_viz_config[homeDiff].pos=(0.9336283185840707, 0.4968152866242038)
_viz_config[homeDiff].size=(0.04424778761061946, 0.06369426751592357)
_viz_config[light].pos=(0.22566371681415928, 0.12738853503184713)
_viz_config[light].size=(0.04424778761061946, 0.06369426751592357)
_viz_config[lightInput].pos=(0.05752212389380531, 0.12738853503184713)
_viz_config[lightInput].size=(0.035398230088495575, 0.050955414012738856)
_viz_config[model].pos=(0, 0)
_viz_config[model].size=(1.0, 1.0)
_viz_config[model].expanded=True
_viz_config[model].has_layout=True
_viz_config[posDiff].pos=(0.5558364938895918, 0.4819439679073255)
_viz_config[posDiff].size=(0.04424778761061946, 0.06369426751592357)
_viz_config[position].pos=(0.7537511652555906, 0.7843806760991193)
_viz_config[position].size=(0.04424778761061946, 0.06369426751592357)