_viz_0 = nengo_gui.components.HTMLView(env)
_viz_config[_viz_0].x = 0.4811587758760398
_viz_config[_viz_0].y = 0.10856295055436689
_viz_config[_viz_0].width = 0.18887362637362637
_viz_config[_viz_0].height = 0.20161290322580644
_viz_config[_viz_0].label_visible = True
_viz_1 = nengo_gui.components.Pointer(model.color_recognizer,args='default')
_viz_config[_viz_1].show_pairs = False
_viz_config[_viz_1].max_size = 1000.0
_viz_config[_viz_1].x = 0.32253401507303775
_viz_config[_viz_1].y = 0.6696898003583621
_viz_config[_viz_1].width = 0.12045937449067502
_viz_config[_viz_1].height = 0.06272408270066784
_viz_config[_viz_1].label_visible = True
_viz_2 = nengo_gui.components.Pointer(model.color_memory,args='default')
_viz_config[_viz_2].show_pairs = False
_viz_config[_viz_2].max_size = 1000.0
_viz_config[_viz_2].x = 0.9501962993248604
_viz_config[_viz_2].y = 0.6655621615806319
_viz_config[_viz_2].width = 0.11542280689700618
_viz_config[_viz_2].height = 0.07168459123180758
_viz_config[_viz_2].label_visible = True
_viz_3 = nengo_gui.components.Value(mem)
_viz_config[_viz_3].max_value = 1
_viz_config[_viz_3].min_value = -1
_viz_config[_viz_3].show_legend = False
_viz_config[_viz_3].legend_labels = ['label_0']
_viz_config[_viz_3].synapse = 0.01
_viz_config[_viz_3].x = 0.91894428073191
_viz_config[_viz_3].y = 1.059705804576611
_viz_config[_viz_3].width = 0.12885379791259766
_viz_config[_viz_3].height = 0.11827961091072328
_viz_config[_viz_3].label_visible = True
_viz_net_graph = nengo_gui.components.NetGraph()
_viz_progress = nengo_gui.components.Progress()
_viz_config[_viz_progress].x = 0
_viz_config[_viz_progress].y = 0
_viz_config[_viz_progress].width = 100
_viz_config[_viz_progress].height = 100
_viz_config[_viz_progress].label_visible = True
_viz_sim_control = nengo_gui.components.SimControl()
_viz_config[_viz_sim_control].shown_time = 0.5
_viz_config[_viz_sim_control].kept_time = 4.0
_viz_config[color_checker].pos=(0.5967741935483871, 0.6990740740740741)
_viz_config[color_checker].size=(0.053763440860215055, 0.046296296296296294)
_viz_config[current_color].pos=(0.06989247311827958, 0.6990740740740741)
_viz_config[current_color].size=(0.043010752688172046, 0.037037037037037035)
_viz_config[env].pos=(0.18731217874093886, 0.11381661555518073)
_viz_config[env].size=(0.04872804920220665, 0.037037037037037035)
_viz_config[mem].pos=(0.5852216915418207, 0.9522358577704014)
_viz_config[mem].size=(0.053763440860215055, 0.046296296296296294)
_viz_config[model].pos=(0.08550741957151511, 0.19475918082307941)
_viz_config[model].size=(0.7272727272727273, 0.7272727272727273)
_viz_config[model].expanded=True
_viz_config[model].has_layout=True
_viz_config[model.color_memory].pos=(0.9537316144148431, 0.6817098604871107)
_viz_config[model.color_memory].size=(0.10752688172043011, 0.08656263132409073)
_viz_config[model.color_memory].expanded=False
_viz_config[model.color_memory].has_layout=False
_viz_config[model.color_memory.state_ensembles].expanded=False
_viz_config[model.color_memory.state_ensembles].has_layout=False
_viz_config[model.color_recognizer].pos=(0.3229204268523851, 0.6999706701688292)
_viz_config[model.color_recognizer].size=(0.10752688172043011, 0.08835576195111179)
_viz_config[model.color_recognizer].expanded=False
_viz_config[model.color_recognizer].has_layout=False
_viz_config[model.color_recognizer.state_ensembles].expanded=False
_viz_config[model.color_recognizer.state_ensembles].has_layout=False
_viz_config[movement].pos=(0.7038235165281244, 0.43396715922753715)
_viz_config[movement].size=(0.07843137254901959, 0.03838190039792516)
_viz_config[radar].pos=(0.39171350503536134, 0.4397947875934888)
_viz_config[radar].size=(0.09803921568627451, 0.046296296296296294)
_viz_config[stim_radar].pos=(0.09891035928581024, 0.4388982530612228)
_viz_config[stim_radar].size=(0.07843137254901959, 0.037037037037037035)